error(train): 0.442953020134
error(test): 0.506024096386
